Year	Month	Dengue	RainFall	RainDays	Tem	RelHumid	PrIndex	CnIndex
2015	1	760	32.7000003829598	3	27.45	75.9	5.57419833510265	4.75363840251829
2015	2	375	122.50000025332	10	27.35	77.85	7.37771372059344	6.30795582898026
2015	3	230	220.900000214577	16	28.05	80	8.89689119748759	7.21535193569405
2015	4	153	267.699999608099	15	28.4	81.2	9.21231419123317	7.32043165822497
2015	5	217	169.199996992946	21	29.15	82.45	9.78366983597037	8.87507312463757
2015	6	211	237.799998797476	23	28.65	83.65	9.8529200832611	9.39594548984432
2015	7	271	37.3000003099442	9	29.05	79.55	5.22582419053052	6.9189721563629
2015	8	172	90.6999998688698	20	28.95	80.55	6.83331787372593	6.9340078320721
2015	9	97	631.40000192076	23	27.9	85.55	7.67272165096859	4.4356409341246
2015	10	152	235.400001659989	26	27.8	85.05	10.2424630186386	9.5174325756362
2015	11	417	525.800002872944	23	27.65	85.85	9.30972168352521	4.52165752259287
2015	12	688	376.600005567074	19	27.85	82.5	5.88622837100155	4.30579591495143
2016	1	638	65.2999995946884	3	28.3	76	5.13127736826302	4.61677152300117
2016	2	554	106.700001120567	6	28.7	76.7	7.70536695175171	6.24434970104165
2016	3	299	91.2999981790781	11	29.45	78.2	6.95135787450202	5.34485782771282
2016	4	207	185.899997390807	12	29.9	78.8	8.10279518796228	7.43948933559308
2016	5	265	752.399996042252	29	28.7	84.5	7.43652742664396	3.93761841549576
2016	6	544	132.299999669194	13	28.95	80.95	7.9793868959521	6.60792811877692
2016	7	735	49.199999846518	10	28.5	80.95	5.47178875043392	8.21403403588848
2016	8	468	1.1000000089407	2	29.05	78.85	5.61319833510265	4.21093397941062
2016	9	216	28.9999991431832	3	28.55	79.35	5.57419833510265	4.75363840251829
2016	10	135	374.000000715256	18	28.4	79.8	5.87042208608835	4.93410631064305
2016	11	309	404.800003618002	20	27.5	83.5	6.57936412907234	4.11332841189196
2016	12	1069	165.100000865757	6	27.8	76.8	6.75154700104346	4.99805800022168
2017	1	1121	82.7000000104308	3	27.05	74.05	7.0263638158452	5.33872712518379
2017	2	612	92.2999974861741	6	27.35	74.35	7.51839639276822	5.92999290254211
2017	3	674	133.800003215671	10	28.1	79.75	7.38554113939069	6.14598292967596
2017	4	855	81.200001180172	6	29.75	77.75	7.23381319508999	5.81185133304461
2017	5	775	343.399997539818	19	29.15	80.4	6.26068796163771	6.43963772296406
2017	6	1077	141.4999987185	22	28.55	83.05	9.97529250695312	9.25726164125812
2017	7	2598	47.2000008225441	9	28.95	79.55	5.34057413711553	8.54209606935102
2017	8	1022	70.3000001236796	14	28.6	80.2	5.8078736188469	6.02233125404505
2017	9	284	355.199996754527	20	28.1	83.1	6.14486477785244	5.42441738795082
2017	10	374	467.099999845028	25	27.8	85.65	9.48541596751966	4.48572926555541
2017	11	660	294.200000323355	15	27.3	83.9	8.67237727674267	5.91828655779757
2017	12	821	172.299999177456	9	27.45	78.2	6.37356919661296	4.49544167825456
2018	1	675	45.7000001966953	6	27	72.1	4.5071045560322	4.28900538396815
2018	2	225	108.800001993775	8	27.8	75.2	7.20495582985877	7.48813240299295
2018	3	133	68.8000009357929	10	28.45	78.9	5.7504425177181	8.45527589327796
2018	4	131	264.999998129904	17	28.55	81.5	8.83588942669585	9.86855089540324
2018	5	451	421.699997879565	26	28.25	84.7	9.49726551487183	4.9575215279405
2018	6	743	155.800000816584	25	28.35	82.3	9.97449303431692	8.61993194404915
2018	7	896	68.8999994769692	6	28.3	80.95	4.89676808191308	4.97772217116791
2018	8	437	63.8999995291233	9	27.8	82.05	5.50227067931018	8.52604834384185
2018	9	199	263.700000435114	12	28.25	79.25	8.71943957786476	7.62216016836257
2018	10	261	539.699998803437	22	27.45	85.45	9.33626012102113	4.50691956986562
2018	11	524	420.699997343123	17	27.35	83.8	6.95110060520987	4.44586211340162
2018	12	812	139.49999962002	6	27.5	78.35	6.88713454893152	5.93360416065573
2019	1	568	15.4000002145767	3	27.65	72.7	5.59741262081694	4.49314027942661
2019	2	279	156.999999143183	6	28.35	78.1	6.45008390528385	4.8785152737987
2019	3	394	41.4000010788441	4	28.8	76.4	4.99781532107339	4.36212057996454
2019	4	288	193.800001814961	13	29.3	78.3	9.21145651654588	8.58139108364444
2019	5	340	126.900000095367	16	29.35	79.5	8.10338325897087	8.28242198228198
2019	6	593	257.200001753867	20	28.8	82.1	7.5823632851982	8.56305979063715
2019	7	875	136.099999964237	16	28.65	79.35	8.10338325897087	8.28242198228198
2019	8	577	288.400000929832	22	27.85	83.3	10.0351828447444	8.1097132815059
2019	9	670	609.800007611513	25	27.4	84.95	8.90208119745702	4.21450509887693
2019	10	1600	354.900003120303	25	26.95	85.95	9.48448073856112	6.50707141341676
2019	11	2051	433.599999278784	24	27.6	84.3	9.30164741989172	5.39192345765084
2019	12	1859	250.300001084805	12	27.65	80.85	8.7081780469765	7.55325762505542
2020	1	1080	115.60000308603	4	28.25	74.35	7.54679839765636	6.24832514205396
2020	2	334	0.100000001490116	0	29.15	71.2	5.61319833510265	4.21093397941062
2020	3	61	41.2999998703599	7	29.4	75.8	4.73499883570535	5.76767936269936
2020	4	7	212.500003129244	15	29.25	79.4	9.22056976254439	7.93682403293577
2020	5	183	200.199998497963	18	29.3	82.05	6.47868719018068	7.44949679391334
2020	6	169	111.900000862777	15	28.95	80.05	8.01322759906165	6.77102976130738
2020	7	90	196.10000102222	14	28.35	82.15	9.12668591205915	8.30125039498343
2020	8	109	97.500000320375	9	28.5	80.25	6.60892155202169	5.49690711126472
2020	9	80	517.700002327561	24	27.6	84.5	9.34442708185259	4.78876154622785
2020	10	46	125.59999987483	12	28.4	81.3	7.35030698715994	6.12641125740579
2020	11	30	143.600000537932	18	28.15	81.95	6.94320109892586	8.44643491274926
2020	12	67	321.899994686246	13	27.65	80.1	9.11256805146234	6.01094683898137
2021	1	98	132.400000818074	13	27.35	75	7.9793868959521	6.60792811877692
2021	2	170	45.8999991938472	3	28.05	74.1	5.01077975782963	4.43011692763823
2021	3	245	148.599999979138	15	28	80.65	8.74128428926818	8.61992944033903
2021	4	309	325.600001998246	15	28.7	80.3	8.90563625967253	6.51277639079062
2021	5	223	351.400000721216	20	28.7	81.65	6.22231995803528	5.59665669917851
2021	6	549	317.30000654608	21	28.65	81	11.0204149386589	9.37682027974674
2021	7	379	278.30000282079	16	28.3	82.35	8.72712741050286	6.62406686316609
2021	8	116	164.000001996756	14	28	82.5	9.10761574334608	8.44379864043305
2021	9	140	189.399999149144	21	28.15	83.05	9.64799184589539	8.94744672150621
2021	10	259	324.199999004602	28	27.8	84.8	10.2444637613935	6.23705734534091
2021	11	377	483.399998411536	21	27.05	86.1	9.41339910141965	3.94073161192233
2021	12	1062	95.6000003367662	9	27.85	78.75	6.54689736928592	6.01096384892663
2022	1	616	76.299998536706	5	28.05	75.6	5.2266325176376	5.01022155777311
2022	2	161	24.9000006467104	5	28.1	73.5	5.50998020453059	4.71909663453662
2022	3	151	54.9000015035272	4	29.15	76.3	4.96865756078058	4.47114373873948
2022	4	166	474.199997477233	18	28.55	82.9	7.01210146454182	3.55506150503823
2022	5	452	351.700000554323	27	28.7	83	9.47720349867861	5.81247878286278
2022	6	751	90.999999076128	19	28.65	83.1	6.51307471318517	6.40591525805397
2022	7	730	12.5000000745058	9	28.4	81.05	5.71428571428571	8.19672131147541
2022	8	286	113.1000020504	15	28.05	81.05	7.86666666666667	6.75268817204301
2022	9	193	98.7000004500151	10	28.2	80.65	7.11656441717791	5.82329317269076
2022	10	211	506.599999643862	19	27.5	84.25	6.93703308431163	2.89378493916475
2022	11	235	276.600003242493	14	27.5	81.8	8.76068376068376	4.739336492891
2022	12	480	309.600001528859	13	27.05	80.85	8.72765509989485	3.73432915444118
2023	1	476	114.899997070432	7	27.1	75.85	7.56218905472637	8.52534562211982
2023	2	448	79.2999989539385	9	27.8	77.55	10.7502799552072	12.2762148337596
2023	3	298	208.000003695488	13	28.3	80.45	10.5383734249714	10.7971745711403
2023	4	282	261.700003027916	17	28.8	80.8	10.2255639097744	12.8654970760234
2023	5	437	322.000002726913	21	29	82.7	12.984496124031	11.5038560411311
2023	6	467	104.40000063926	21	29	82.05	11.3022113022113	11.1038536903984
2023	7	242	102.399999454618	11	28.7	81.8	7.19729043183743	4.62060194997881
2023	8	138	82.2999992966652	9	29.3	78.35	5.21148036253777	4.06309751434034
2023	9	68	722.200007736683	26	27.55	86.3	7.47899159663866	4.6009062391077
2023	10	267	636.599996805191	27	27.45	87.05	9.55555555555556	2.23244334754319
2023	11	405	421.699998617172	23	27.95	85.55	9.90899898887765	5.35183349851338
2023	12	388	337.50000166893	25	28.25	83.95	11.0696517412935	5.18315474707202
2024	1	762	191.10000077635	9	28.15	77.55	4.9	2.30483271375465
2024	2	359	7.39999993145466	2	29.4	74.2	5.9	3.85508592661403
2024	3	170	63.5999997854233	6	29.75	75.7	3.59028511087645	2.56016385048643
2024	4	117	362.999996960163	19	29.9	81	4.60674157303371	3.03030303030303
2024	5	185	533.899996653199	21	29.1	83.8	10.2564102564103	3.48783845800826
2024	6	391	353.400000669062	24	28.8	84.35	9.65417867435158	7.89343857918106
2024	7	427	277.99999897927	19	28.7	84.2	6.91318327974277	4.17910447761194
2024	8	361	341.000006325543	21	28.75	83.25	6.09540636042403	5.38321167883212
2024	9	245	216.00000013411	18	29.05	80.1	4.31211498973306	4.53421269579555
2024	10	227	714.49999755621	23	27.95	85.4	4.56389452332657	5.71776155717762
2024	11	340	302.099999047816	23	27.75	83.4	7.15447154471545	6.17577197149644
2024	12	362	78.3000001013279	12	28.2	79.75	3.8659793814433	4.38382854359474
